6666
6664
6662
6660
6658
6656
6654
6652
6650
6648
6646
6644
6642
6640
6638
6636
6634
6632
6630
6628
6626
6624
6622
6620
6618
6616
6614
6612
6610
6608
6606
6604
6602
6600
6598
6596
6594
6592
6590
6588
6586
6584
6582
6580
6578
6576
6574
6572
6570
6568
6566
6564
6562
6560
6558
6556
6554
6552
6550
6548
6546
6544
6542
6540
6538
6536
6534
6532
6530
6528
6526
6524
6522
6520
6518
6516
6514
6512
6510
6508
6506
6504
6502
6500
6498
6496
6494
6492
6490
6488
6486
6484
6482
6480
6478
6476
6474
6472
6470
6468
6466
6464
6462
6460
6458
6456
6454
6452
6450
6448
6446
6444
6442
6440
6438
6436
6434
6432
6430
6428
6426
6424
6422
6420
6418
6416
6414
6412
6410
6408
6406
6404
6402
6400
6398
6396
6394
6392
6390
6388
6408
