884779
836015
815143
806390
802722
801163
800503
800223
800095
800037
800017
800004
799999
799996
799993
799991
799990
799989
799988
799987
799986
799985
799984
799983
799982
799981
799980
799979
799978
799977
799976
799975
799974
799973
799972
799971
799970
799969
799968
799967
799966
799965
799964
799963
799962
799961
799960
799959
799958
799957
799956
799955
799954
799953
799952
799951
799950
799949
799948
799947
799946
799945
799944
799943
799942
799941
799940
799939
799938
799937
799936
799935
799934
799933
799932
799931
799930
799929
799928
799927
799926
799925
799924
799923
799922
799921
799920
799919
799918
799917
799916
799915
799914
799913
799912
799911
799910
799909
799908
799907
799906
799905
799904
799903
799902
799901
799900
799899
799898
799897
799896
799895
799894
799893
799892
799891
799890
799889
799888
799887
799886
799885
799884
799883
799882
799881
799880
799879
799878
799877
799876
799875
799874
799873
799872
799871
799870
799869
799868
799867
799866
799865
799864
799863
799862
799861
799860
799859
799858
799857
799856
799855
799854
799853
799852
799851
799850
799849
799848
799847
799846
799845
799844
799843
799842
799841
799840
799839
799838
799837
799836
799835
799834
799833
799832
799831
799830
799829
799828
799827
799826
799825
799824
799823
799822
799821
799820
799819
799818
799817
799816
799815
799814
799813
799812
799811
799810
799809
799808
799807
799806
799805
799804
799803
799802
799801
799800
799799
799798
799797
799796
799795
799794
799793
799792
799791
799790
799789
799788
799787
799786
799785
799784
799783
799782
799781
799780
799779
799778
799777
799776
799775
799774
799773
799772
799771
799770
799769
799768
799767
799766
799765
799764
799763
799762
799761
799760
799759
799758
799757
799756
799755
799754
799753
799752
799751
799750
799749
799748
799747
799746
799745
799744
799743
799742
799741
799740
799739
799738
799737
799736
799735
799734
799733
799732
799731
799730
799729
799728
799727
799726
799725
799724
799723
799722
799721
799720
799719
799718
799717
799716
799715
799714
799713
799712
799711
799710
799709
799708
799707
799706
799705
799704
799703
799702
799701
799700
799699
799698
799697
799696
799695
799694
799693
799692
799691
799690
799689
799688
799687
799686
799685
799684
799683
799682
799681
799680
799679
799678
799677
799676
799675
799674
799673
799672
799671
799670
799669
799668
799667
799666
799665
799664
799663
799662
799661
799660
799659
799658
799657
799656
799655
799654
799653
799652
799651
799650
799649
799648
799647
799646
799645
799644
799643
799642
799641
799640
799639
799638
799637
799636
799635
799634
799633
799632
799631
799630
799629
799628
799627
799626
799625
799624
799623
799622
799621
799620
799619
799618
799617
799616
799615
799614
799613
799612
799611
799610
799609
799608
799607
799606
799605
799604
799603
799602
799601
799600
799599
799598
799597
799596
799595
799594
799593
799592
799591
799590
799589
799588
799587
799586
799585
799584
799583
799582
799581
799580
799579
799578
799577
799576
799575
799574
799573
799572
799571
799570
799569
799568
799567
799566
799565
799564
799563
799562
799561
799560
799559
799558
799557
799556
799555
799554
799553
799552
799551
799550
799549
799548
799547
799546
799545
799544
799543
799542
799541
799540
799539
799538
799537
799536
799535
799534
799533
799532
799531
799530
799529
799528
799527
799526
799525
799524
799523
799522
799521
799520
799519
799518
799517
799516
799515
799514
799513
799512
799511
799510
799509
799508
799507
799506
799505
799504
799503
799502
799501
799500
799499
799498
799497
799496
799495
799494
799493
799492
799491
799490
799489
799488
799487
799486
799485
799484
799483
799482
799481
799480
799479
799478
799477
799476
799475
799474
799473
799472
799471
799470
799469
799468
799467
799466
799465
799464
799463
799462
799461
799460
799459
799458
799457
799456
799455
799454
799453
799452
799451
799450
799449
799448
799447
799446
799445
799444
799443
799442
799441
799440
799439
799438
799437
799436
799435
799434
799433
799432
799431
799430
799429
799428
799427
799426
799425
799424
799423
799422
799421
799420
799419
799418
799417
799416
799415
799414
799413
799412
799411
799410
799409
799408
799407
799406
799405
799404
799403
799402
799401
799400
799399
799398
799397
799396
799395
799394
799393
799392
799391
799390
799389
799388
799387
799386
799385
799384
799383
799382
799381
799380
799379
799378
799377
799376
799375
799374
799373
799372
799371
799370
799369
799368
799367
799366
799365
799364
799363
799362
799361
799360
799359
799358
799357
799356
799355
799354
799353
799352
799351
799350
799349
799348
799347
799346
799345
799344
799343
799342
799341
799340
799339
799338
799337
799336
799335
799334
799333
799332
799331
799330
799329
799328
799327
799326
799325
799324
799323
799322
799321
799320
799319
799318
799317
799316
799315
799314
799313
799312
799311
799310
799309
799308
799307
799306
799305
799304
799303
799302
799301
799300
799299
799298
799297
799296
799295
799294
799293
799292
799291
799290
799289
799288
799287
799286
799285
799284
799283
799282
799281
799280
799279
799278
799277
799276
799275
799274
799273
799272
799271
799270
799269
799268
799267
799266
799265
799264
799263
799262
799261
799260
799259
799258
799257
799256
799255
799254
799253
799252
799251
799250
799249
799248
799247
799246
799245
799244
799243
799242
799241
799240
799239
799238
799237
799236
799235
799234
799233
799232
799231
799230
799229
799228
799227
799226
799225
799224
799223
799222
799221
799220
799219
799218
799217
799216
799215
799214
799213
799212
799211
799210
799209
799208
799207
799206
799205
799204
799203
799202
799201
799200
799199
799198
799197
799196
799195
799194
799193
799192
799191
799190
799189
799188
799187
799186
799185
799184
799183
799182
799181
799180
799179
799178
799177
799176
799175
799174
799173
799172
799171
799170
799169
799168
799167
799166
799165
799164
799163
799162
799161
799160
799159
799158
799157
799156
799155
799154
799153
799152
799151
799150
799149
799148
799147
799146
799145
799144
799143
799142
799141
799140
799139
799138
799137
799136
799135
799134
799133
799132
799131
799130
799129
799128
799127
799126
799125
799124
799123
799122
799121
799120
799119
799118
799117
799116
799115
799114
799113
799112
799111
799110
799109
799108
799107
799106
799105
799104
799103
799102
799101
799100
799099
799098
799097
799096
799095
799094
799093
799092
799091
799090
799089
799088
799087
799086
799085
799084
799083
799082
799081
799080
799079
799078
799077
799076
799075
799074
799073
799072
799071
799070
799069
799068
799067
799066
799065
799064
799063
799062
799061
799060
799059
799058
799057
799056
799055
799054
799053
799052
799051
799050
799049
799048
799047
799046
799045
799044
799043
799042
799041
799040
799039
799038
799037
799036
799035
799034
799033
799032
799031
799030
799029
799028
799027
799026
799025
799024
799023
799022
799021
799020
799019
799018
799017
799016
799015
799014
799013
799012
799011
799010
799009
799008
799007
799006
799005
799004
799003
799002
799001
799000
798999
798998
798997
798996
798995
798994
798993
798992
798991
798990
798989
798988
798987
798986
798985
798984
798983
798982
798981
798980
798979
798978
798977
798976
798975
798974
798973
798972
798971
798970
798969
798968
798967
798966
798965
798964
798963
798962
798961
798960
798959
798958
798957
798956
798955
798954
798953
798952
798951
798950
798949
798948
798947
798946
798945
798944
798943
798942
798941
798940
798939
798938
798937
798936
798935
798934
798933
798932
798931
798930
798929
798928
798927
798926
798925
798924
798923
798922
798921
798920
798919
798918
798917
798916
798915
798914
798913
798912
798911
798910
798909
798908
798907
798906
798905
798904
798903
798902
798901
798900
798899
798898
798897
798896
798895
798894
798893
798892
798891
798890
798889
798888
798887
798886
798885
798884
798883
798882
798881
798880
798879
798878
798877
798876
798875
798874
798873
798872
798871
798870
798869
798868
798867
798866
798865
798864
798863
798862
798861
798860
798859
798858
798857
798856
798855
798854
798853
798852
798851
798850
798849
798848
798847
798846
798845
798844
798843
798842
798841
798840
798839
798838
798837
798836
798835
798834
798833
798832
798831
798830
798829
798828
798827
798826
798825
798824
798823
798822
798821
798820
798819
798818
798817
798816
798815
798814
798813
798812
798811
798810
798809
798808
798807
798806
798805
798804
798803
798802
798801
798800
798799
798798
798797
798796
798795
798794
798793
798792
798791
798790
798789
798788
798787
798786
798785
798784
798783
798782
798781
798780
798779
798778
798777
798776
798775
798774
798773
798772
798771
798770
798769
798768
798767
798766
798765
798764
798763
798762
798761
798760
798759
798758
798757
798756
798755
798754
798753
798752
798751
798750
798749
798748
798747
798746
798745
798744
798743
798742
798741
798740
798739
798738
798737
798736
798735
798734
798733
798732
798731
798730
798729
798728
798727
798726
798725
798724
798723
798722
798721
798720
798719
798718
798717
798716
798715
798714
798713
798712
798711
798710
798709
798708
798707
798706
798705
798704
798703
798702
798701
798700
798699
798698
798697
798696
798695
798694
798693
798692
798691
798690
798689
798688
798687
798686
798685
798684
798683
798682
798681
798680
798679
798678
798677
798676
798675
798674
798673
798672
798671
798670
798669
798668
798667
798666
798665
798664
798663
798662
798661
798660
798659
798658
798657
798656
798655
798654
798653
798652
798651
798650
798649
798648
798647
798646
798645
798644
798643
798642
798641
798640
798639
798638
798637
798636
798635
798634
798633
798632
798631
798630
798629
798628
798627
798626
798625
798624
798623
798622
798621
798620
798619
798618
798617
798616
798615
798614
798613
798612
798611
798610
798609
798608
798607
798606
798605
798604
798603
798602
798601
798600
798599
798598
798597
798596
798595
798594
798998
