80
50
5
23
80
21
44
22
44
49
22
22
11
9
18
3
2
79
7
21
22
4
23
21
9
8
7
22
2
26
7
49
22
18
7
2
4
2
22
38
8
22
2
49
3
80
80
8
22
22
80
150
13
8
10
4
79
57
2
2
3
8
3
2
7
22
44
12
49
57
49
49
13
2
49
19
80
34
3
7
38
18
9
4
49
8
22
1
79
2
2
3
49
38
22
8
21
3
4
6
22
1
49
21
49
79
7
50
49
8
22
21
23
22
13
79
19
9
1
20
10
49
22
21
19
9
80
7
22
150
10
80
49
5
10
10
12
50
21
6
5
21
1
22
21
18
79
11
8
21
22
5
2
22
1
150
11
21
18
8
2
3
80
11
2
49
18
12
21
1
3
6
80
21
22
7
1
8
8
31
22
22
8
22
49
3
22
21
22
8
5
18
4
6
6
1
22
21
49
21
22
4
80
2
79
4
150
18
5
1
19
22
3
2
80
80
5
22
7
79
33
22
11
22
21
8
12
4
9
8
21
33
21
2
22
49
7
34
49
21
18
10
9
18
22
22
5
22
1
6
21
49
1
70
19
44
8
21
2
3
22
22
22
15
80
21
80
23
44
1
49
21
49
57
21
1
22
10
9
22
80
21
2
22
44
2
5
26
1
3
21
79
2
22
22
19
22
2
22
5
23
22
8
80
1
22
18
8
22
49
21
70
49
5
44
21
5
22
22
23
11
13
10
57
10
23
23
6
5
6
22
7
14
22
33
33
13
80
7
50
3
22
22
1
8
8
22
2
2
6
22
44
8
4
1
2
8
18
22
22
4
38
18
7
18
22
80
4
8
22
1
1
80
22
22
18
50
1
9
5
8
8
3
22
3
79
7
8
57
21
6
1
22
21
21
8
6
2
3
79
5
7
2
19
21
3
38
1
18
57
3
79
22
150
5
22
3
79
23
22
34
49
80
18
7
57
22
22
79
33
8
33
1
22
22
18
18
9
10
22
22
23
1
10
8
18
79
50
22
22
4
2
23
21
79
22
22
8
79
49
57
22
4
13
4
22
8
80
1
5
22
21
7
22
7
1
22
21
3
8
23
8
22
5
1
7
1
1
9
9
22
7
2
2
44
4
22
8
7
18
8
21
8
1
38
2
80
21
21
8
21
22
18
1
1
49
6
22
22
8
8
49
1
6
7
7
21
6
150
21
1
9
1
86
21
11
22
21
3
49
8
11
25
21
20
8
7
22
2
22
18
12
80
22
79
4
15
2
22
22
1
79
2
3
8
79
8
38
4
86
22
12
7
22
8
7
21
14
22
12
13
49
22
22
1
80
50
79
22
79
1
21
80
22
21
50
13
79
10
22
49
79
2
10
12
1
22
23
21
21
22
79
44
34
2
2
12
22
1
18
21
49
2
10
21
10
22
4
22
21
34
79
8
1
22
22
1
9
22
5
1
80
8
49
2
22
26
44
10
7
5
18
7
21
21
79
1
5
57
2
8
22
4
49
22
50
49
8
21
22
10
49
49
2
21
50
49
6
79
9
4
80
21
5
9
44
49
1
79
21
5
80
70
49
80
22
80
2
1
49
7
22
19
2
13
18
49
3
3
79
79
80
1
79
18
49
49
8
50
2
79
44
22
33
5
22
3
22
22
50
7
18
50
4
22
22
50
8
49
4
80
2
1
3
79
3
2
2
22
70
22
21
8
9
23
5
79
18
21
7
1
22
1
2
7
18
49
9
22
4
8
3
8
49
80
22
3
18
1
22
2
2
9
2
10
8
22
8
22
5
49
8
22
21
8
8
22
7
10
150
31
22
22
49
6
7
10
80
3
22
1
57
12
57
1
22
57
21
8
1
2
38
21
8
22
22
1
8
22
2
1
11
18
49
22
22
6
3
86
21
6
7
7
150
33
21
7
12
8
2
3
22
22
18
3
1
20
5
8
21
21
10
11
3
15
21
11
22
7
2
13
7
21
22
50
4
18
49
21
18
22
23
3
79
6
8
5
12
21
33
22
38
1
80
49
2
80
21
7
12
2
80
1
8
22
49
8
11
38
8
4
49
6
2
19
3
1
49
2
10
79
9
2
2
21
22
50
2
49
44
18
21
4
7
8
2
1
49
21
4
49
57
4
21
74
8
57
6
21
6
22
34
150
19
9
6
22
49
2
7
7
8
79
1
22
8
50
3
2
4
67
18
6
38
49
21
9
57
44
50
10
22
19
79
1
4
22
7
21
11
22
80
22
22
8
8
49
10
5
10
6
79
8
19
74
14
22
1
50
7
18
57
22
2
22
50
49
22
2
8
22
2
4
6
22
80
143
